Time,TargetSpeed,SpeedL,SpeedR,TheoYawRate,ActualYawRate,SlipFlag
00:00:00,-607.78,-607.13,-567.64,0.2256,-0.0273,0
00:00:00,-607.78,-740.40,-691.04,0.2821,-0.1510,0
00:00:00,-607.78,-1145.15,-1189.58,-0.2539,-0.5891,0
00:00:00,-607.78,-1569.65,-1535.10,0.1974,-0.2505,0
00:00:00,-607.78,-1446.25,-1465.99,-0.1128,-0.0215,0
00:00:00,-607.78,-1510.42,-1510.42,0.0000,0.1102,0
00:00:00,-607.78,-1589.39,-1688.11,-0.5641,-0.1586,0
00:00:00,-607.78,-1693.05,-1693.05,0.0000,0.2238,0
00:00:00,-607.78,-1801.64,-1781.90,0.1128,0.1302,0
00:00:00,-607.78,-1895.42,-1875.68,0.1128,-0.0460,0
00:00:00,-607.78,-1925.04,-1954.66,-0.1692,0.1377,0
00:00:00,-607.78,-2078.06,-2033.63,0.2539,0.1269,0
00:00:00,-607.78,-2137.29,-2265.62,-0.7333,-0.1762,0
00:00:00,-607.78,-2132.35,-2166.90,-0.1974,0.1261,0
00:00:00,-607.78,-2226.14,-2221.20,0.0282,-0.1611,0
00:00:00,-607.78,-2305.11,-2255.75,0.2821,-0.1154,0
00:00:00,-607.78,-2369.28,-2369.28,0.0000,0.1823,0
00:00:00,-607.78,-2413.70,-2398.90,0.0846,-0.2008,0
00:00:00,-607.78,-2443.32,-2463.06,-0.1128,-0.0571,0
00:00:00,-607.78,-2507.49,-2532.17,-0.1410,-0.1371,0
00:00:00,-607.78,-2556.85,-2566.72,-0.0564,-0.0273,0
00:00:00,-607.78,-2601.27,-2586.46,0.0846,0.1086,0
00:00:00,-607.78,-2630.89,-2596.34,0.1974,-0.2817,0
00:00:00,-607.78,-2690.12,-2675.31,0.0846,-0.0352,0
00:00:00,-607.78,-2759.22,-2724.67,0.1974,-0.0636,0
00:00:00,-607.78,-2719.74,-2744.42,-0.1410,0.0167,0
00:00:00,-607.78,-2774.03,-2764.16,0.0564,-0.1495,0
00:00:00,-607.78,-2828.33,-2843.14,-0.0846,0.1895,0
00:00:00,-607.78,-2818.46,-2828.33,-0.0564,0.0124,0
00:00:00,-607.78,-2823.39,-2848.07,-0.1410,0.2030,0
00:00:00,-607.78,-2897.43,-2902.37,-0.0282,-0.1087,0
00:00:00,-607.78,-2887.56,-2902.37,-0.0846,0.0832,0
00:00:00,-607.78,-2931.98,-2946.79,-0.0846,0.0413,0
00:00:00,-607.78,-2951.73,-2986.28,-0.1974,0.0108,0
00:00:00,-607.78,-2971.47,-2991.22,-0.1128,-0.0894,0
00:00:00,-607.78,-2996.15,-3010.96,-0.0846,0.0418,0
00:00:00,-607.78,-3001.09,-3040.58,-0.2256,-0.1707,0
00:00:00,-607.78,-3040.58,-3055.38,-0.0846,0.0604,0
00:00:00,-607.78,-3055.38,-3075.13,-0.1128,-0.0176,0
00:00:00,-607.78,-3089.94,-3129.42,-0.2256,0.0474,0
00:00:00,-607.78,-3094.87,-3119.55,-0.1410,-0.0526,0
00:00:00,-607.78,-3104.74,-3144.23,-0.2256,0.1238,0
00:00:00,-607.78,-3159.04,-3144.23,0.0846,0.0297,0
00:00:00,-607.78,-3149.17,-3159.04,-0.0564,0.1515,0
00:00:00,-607.78,-3228.14,-3173.85,0.3103,-0.0116,0
00:00:00,-607.78,-3193.59,-3178.78,0.0846,-0.0256,0
00:00:00,-607.78,-3198.53,-3203.46,-0.0282,-0.0659,0
00:00:00,-607.78,-3188.66,-3218.27,-0.1692,0.0739,0
00:00:00,-607.78,-3203.46,-3233.08,-0.1692,-0.1005,0
00:00:00,-607.78,-3218.27,-3247.89,-0.1692,-0.0496,0
00:00:00,-607.78,-3233.08,-3267.63,-0.1974,-0.1360,0
00:00:00,-607.78,-3238.02,-3267.63,-0.1692,-0.1468,0
00:00:00,-607.78,-3252.82,-3242.95,0.0564,-0.1647,0
00:00:00,-607.78,-3262.70,-3267.63,-0.0282,0.0743,0
00:00:00,-607.78,-3297.25,-3287.38,0.0564,-0.0069,0
00:00:00,-607.78,-3307.12,-3282.44,0.1410,-0.0857,0
00:00:00,-607.78,-3287.38,-3277.50,0.0564,0.0446,0
00:00:00,-607.78,-3292.31,-3292.31,0.0000,-0.0822,0
00:00:00,-607.78,-3321.93,-3321.93,0.0000,0.0669,0
00:00:00,-607.78,-3321.93,-3326.86,-0.0282,-0.0240,0
00:00:00,-607.78,-3331.80,-3321.93,0.0564,-0.0853,0
00:00:00,-607.78,-3346.61,-3316.99,0.1692,0.1123,0
00:00:00,-607.78,-3346.61,-3321.93,0.1410,-0.0167,0
00:00:00,-607.78,-3376.22,-3346.61,0.1692,0.2404,0
00:00:00,-607.78,-3361.42,-3336.74,0.1410,0.0181,0
00:00:00,-607.78,-3326.86,-3351.54,-0.1410,0.1103,0
00:00:00,-607.78,-3331.80,-3346.61,-0.0846,-0.2632,0
00:00:00,-607.78,-3331.80,-3346.61,-0.0846,-0.0236,0
00:00:00,-607.78,-3326.86,-3321.93,0.0282,-0.0091,0
00:00:00,-607.78,-3316.99,-3351.54,-0.1974,-0.1293,0
00:00:00,-607.78,-3326.86,-3307.12,0.1128,0.1033,0
00:00:00,-607.78,-3321.93,-3272.57,0.2821,-0.0914,0
00:00:00,-607.78,-3302.18,-3297.25,0.0282,-0.0107,0
00:00:00,-607.78,-3297.25,-3252.82,0.2539,-0.1247,0
00:00:00,-607.78,-3277.50,-3287.38,-0.0564,0.0837,0
00:00:00,-607.78,-3272.57,-3257.76,0.0846,-0.0320,0
00:00:00,-607.78,-3287.38,-3287.38,0.0000,0.0281,0
00:00:00,-607.78,-3282.44,-3272.57,0.0564,-0.0001,0
00:00:00,-607.78,-3302.18,-3297.25,0.0282,-0.1264,0
00:00:00,-607.78,-3292.31,-3272.57,0.1128,0.1947,0
00:00:00,-607.78,-3316.99,-3233.08,0.4795,-0.1313,0
00:00:00,-607.78,-3277.50,-3257.76,0.1128,0.0572,0
00:00:00,-607.78,-3252.82,-3238.02,0.0846,-0.0780,0
00:00:00,-607.78,-3247.89,-3267.63,-0.1128,0.0264,0
00:00:00,-607.78,-3233.08,-3233.08,0.0000,-0.1625,0
00:00:00,-607.78,-3267.63,-3238.02,0.1692,0.0407,0
00:00:00,-607.78,-3238.02,-3228.14,0.0564,-0.0528,0
00:00:00,-607.78,-3252.82,-3252.82,0.0000,-0.1340,0
00:00:00,-607.78,-3242.95,-3223.21,0.1128,0.0038,0
00:00:00,-607.78,-3247.89,-3213.34,0.1974,-0.0599,0
00:00:00,-607.78,-3238.02,-3213.34,0.1410,0.1682,0
00:00:00,-607.78,-3233.08,-3198.53,0.1974,-0.0655,0
00:00:00,-607.78,-3228.14,-3198.53,0.1692,0.1231,0
00:00:00,-607.78,-3188.66,-3168.91,0.1128,-0.0275,0
00:00:00,-607.78,-3188.66,-3198.53,-0.0564,0.0276,0
00:00:00,-607.78,-3163.98,-3163.98,0.0000,-0.0693,0
00:00:00,-607.78,-3159.04,-3168.91,-0.0564,0.1341,0
00:00:00,-607.78,-3163.98,-3149.17,0.0846,0.1505,0
00:00:00,-607.78,-3159.04,-3183.72,-0.1410,0.0658,0
00:00:00,-607.78,-3149.17,-3124.49,0.1410,0.1185,0
00:00:00,-607.78,-3149.17,-3144.23,0.0282,-0.0109,0
00:00:00,-607.78,-3149.17,-3124.49,0.1410,0.1914,0
00:00:00,-607.78,-3139.30,-3119.55,0.1128,-0.0493,0
00:00:00,-607.78,-3129.42,-3114.62,0.0846,0.1588,0
00:00:00,-607.78,-3124.49,-3099.81,0.1410,-0.0458,0
00:00:00,-607.78,-3104.74,-3089.94,0.0846,0.2322,0
00:00:00,-607.78,-3114.62,-3085.00,0.1692,-0.0032,0
00:00:00,-607.78,-3089.94,-3085.00,0.0282,0.1654,0
00:00:00,-607.78,-3085.00,-3055.38,0.1692,-0.1019,0
00:00:00,-607.78,-3089.94,-3065.26,0.1410,0.1954,0
00:00:00,-607.78,-3085.00,-3055.38,0.1692,-0.0917,0
00:00:00,-607.78,-3075.13,-3065.26,0.0564,0.1455,0
00:00:00,-607.78,-3075.13,-3015.90,0.3385,-0.0139,0
00:00:00,-607.78,-3045.51,-3035.64,0.0564,0.2848,0
00:00:00,-601.70,-3065.26,-3035.64,0.1692,0.0669,0
00:00:00,-586.13,-3119.55,-3080.06,0.2256,0.0371,0
00:00:00,-570.12,-3129.42,-3060.32,0.3949,-0.0708,0
00:00:00,-553.66,-3089.94,-3065.26,0.1410,0.2730,0
00:00:00,-536.69,-3070.19,-3015.90,0.3103,0.1996,0
00:00:00,-519.17,-3075.13,-3045.51,0.1692,0.2950,0
00:00:00,-501.03,-3050.45,-3001.09,0.2821,0.2571,0
00:00:00,-475.78,-3055.38,-3001.09,0.3103,0.2822,0
00:00:00,-455.92,-3050.45,-2946.79,0.5923,0.3400,0
00:00:00,-435.15,-3030.70,-2931.98,0.5641,0.3692,0
00:00:00,-420.74,-2991.22,-2867.82,0.7051,0.4789,0
00:00:00,-398.15,-2996.15,-2848.07,0.8462,0.6216,0
00:00:00,-374.19,-2956.66,-2739.48,1.2411,0.7370,0
00:00:00,-348.60,-2917.18,-2675.31,1.3821,0.7917,0
00:00:00,-320.96,-2867.82,-2576.59,1.6641,1.1634,0
00:00:00,-290.71,-2853.01,-2497.62,2.0308,1.5904,0
00:00:00,-268.67,-2843.14,-2403.83,2.5103,1.9297,0
00:00:00,-235.62,-2724.67,-2250.82,2.7077,2.5661,0
00:00:00,-217.41,-2719.74,-2176.78,3.1026,2.7456,0
00:00:00,-201.15,-2966.54,-2403.83,3.2155,2.4533,0
00:00:00,-197.60,-2818.46,-1944.78,4.9924,3.0238,0
00:00:00,-202.12,-2305.11,-1470.93,4.7668,3.5083,0
00:00:00,-212.53,-1648.62,-927.97,4.1180,3.1132,0
00:00:00,-219.89,-1564.71,-1105.66,2.6231,2.3843,0
00:00:00,-238.40,-1717.73,-1357.40,2.0590,1.5099,0
00:00:00,-249.31,-1781.90,-1411.70,2.1154,1.5653,0
00:00:00,-271.05,-1693.05,-1377.14,1.8052,1.5942,0
00:00:00,-282.20,-1683.18,-1357.40,1.8616,1.2402,0
00:00:00,-303.26,-1683.18,-1396.89,1.6359,1.3206,0
00:00:00,-322.96,-1707.86,-1465.99,1.3821,1.1023,0
00:00:00,-332.37,-1697.98,-1505.48,1.1000,0.9163,0
00:00:00,-350.43,-1747.34,-1530.16,1.2411,0.7008,0
00:00:00,-359.13,-1737.47,-1564.71,0.9872,0.6944,0
00:00:00,-375.91,-1742.41,-1619.01,0.7051,0.5296,0
00:00:00,-391.97,-1752.28,-1658.50,0.5359,0.4943,0
00:00:00,-407.40,-1791.77,-1648.62,0.8180,0.4778,0
00:00:00,-414.90,-1821.38,-1722.66,0.5641,0.4126,0
00:00:00,-429.51,-1865.81,-1772.02,0.5359,0.5415,0
00:00:00,-443.64,-1880.62,-1811.51,0.3949,0.3070,0
00:00:00,-457.33,-1929.98,-1865.81,0.3667,0.2945,0
00:00:00,-470.62,-1959.59,-1929.98,0.1692,0.3564,0
00:00:00,-483.55,-2004.02,-1959.59,0.2539,0.1671,0
00:00:00,-496.14,-2053.38,-1979.34,0.4231,0.1703,0
00:00:00,-508.42,-2127.42,-2038.57,0.5077,0.2515,0
00:00:00,-520.41,-2152.10,-2082.99,0.3949,0.2477,0
00:00:00,-532.12,-2221.20,-2142.22,0.4513,0.1447,0
00:00:00,-543.59,-2236.01,-2161.97,0.4231,0.3020,0
00:00:00,-560.35,-2285.37,-2231.07,0.3103,0.2241,0
00:00:00,-571.25,-2334.73,-2324.86,0.0564,0.2188,0
00:00:00,-581.95,-2423.58,-2369.28,0.3103,0.2642,0
00:00:00,-597.63,-2468.00,-2408.77,0.3385,0.2369,0
00:00:00,-607.78,-2522.30,-2472.94,0.2821,0.1825,0
00:00:00,-607.78,-2616.08,-2522.30,0.5359,0.1753,0
00:00:00,-607.78,-2665.44,-2635.82,0.1692,0.2062,0
00:00:00,-607.78,-2724.67,-2699.99,0.1410,0.1249,0
00:00:00,-606.22,-2754.29,-2709.86,0.2539,0.3142,0
00:00:00,-590.76,-2892.50,-2783.90,0.6205,0.3748,0
00:00:00,-574.89,-2877.69,-2838.20,0.2256,0.2613,0
00:00:00,-564.06,-2882.62,-2818.46,0.3667,0.2320,0
00:00:00,-547.41,-2922.11,-2912.24,0.0564,0.3021,0
00:00:00,-530.24,-2956.66,-2902.37,0.3103,0.1405,0
00:00:00,-512.50,-3001.09,-2936.92,0.3667,-0.0239,0
00:00:00,-494.12,-2996.15,-2966.54,0.1692,0.1289,0
00:00:00,-475.02,-2991.22,-2917.18,0.4231,-0.0789,0
00:00:00,-455.13,-3001.09,-2951.73,0.2821,0.1000,0
00:00:00,-434.33,-3045.51,-2976.41,0.3949,-0.0060,0
00:00:00,-412.48,-3015.90,-3020.83,-0.0282,0.2322,0
00:00:00,-389.41,-3006.02,-2917.18,0.5077,0.2016,0
00:00:00,-364.88,-3010.96,-2931.98,0.4513,0.5151,0
00:00:00,-338.58,-2996.15,-2907.30,0.5077,0.4715,0
00:00:00,-310.05,-2991.22,-2892.50,0.5641,0.8517,0
00:00:00,-278.62,-3001.09,-2749.35,1.4385,1.0428,0
00:00:00,-243.17,-3257.76,-2769.10,2.7924,1.8282,0
00:00:00,-224.05,-3435.46,-2872.75,3.2155,2.4351,0
00:00:00,-218.24,-3159.04,-2389.02,4.4001,3.1471,0
00:00:00,-223.81,-2813.52,-1905.30,5.1899,3.6040,0
00:00:00,-236.69,-2092.86,-1243.87,4.8514,3.5137,0
00:00:00,-253.64,-1811.51,-1416.63,2.2565,2.6222,0
00:00:00,-264.73,-2058.31,-1688.11,2.1154,1.7589,0
00:00:00,-287.08,-2122.48,-1747.34,2.1436,1.5339,0
00:00:00,-307.81,-2082.99,-1712.79,2.1154,1.3496,0
00:00:00,-327.24,-2043.50,-1707.86,1.9180,1.5229,0
00:00:00,-345.57,-2018.82,-1781.90,1.3539,1.2337,0
00:00:00,-362.98,-2048.44,-1831.26,1.2411,0.7898,0
00:00:00,-371.38,-2053.38,-1895.42,0.9026,0.9288,0
00:00:00,-387.63,-2063.25,-1910.23,0.8744,0.6809,0
00:00:00,-403.22,-2058.31,-1949.72,0.6205,0.4612,0
00:00:00,-418.24,-2087.93,-2004.02,0.4795,0.3851,0
00:00:00,-432.73,-2122.48,-2073.12,0.2821,0.3670,0
00:00:00,-446.76,-2087.93,-2092.86,-0.0282,0.0434,0
00:00:00,-460.79,-2137.29,-2127.42,0.0564,0.0746,0
00:00:00,-447.21,-2211.33,-2260.69,-0.2821,-0.1360,0
00:00:00,-433.20,-2275.50,-2324.86,-0.2821,-0.3826,0
00:00:00,-418.72,-2285.37,-2393.96,-0.6205,-0.3280,0
00:00:00,-396.01,-2300.18,-2379.15,-0.4513,-0.6768,0
00:00:00,-380.12,-2290.30,-2418.64,-0.7333,-0.5676,0
00:00:00,-363.53,-2275.50,-2453.19,-1.0154,-0.7556,0
00:00:00,-337.12,-2285.37,-2497.62,-1.2128,-0.9401,0
00:00:00,-318.31,-2236.01,-2532.17,-1.6923,-0.9497,0
00:00:00,-298.30,-2206.39,-2517.36,-1.7770,-1.3888,0
00:00:00,-265.49,-2147.16,-2532.17,-2.2000,-1.6763,0
00:00:00,-242.19,-2078.06,-2527.23,-2.5667,-2.1366,0
00:00:00,-222.94,-2008.95,-2497.62,-2.7924,-1.9050,0
00:00:00,-209.46,-1974.40,-2423.58,-2.5667,-2.0796,0
00:00:00,-224.00,-1836.19,-2374.22,-3.0744,-2.0895,0
00:00:00,-239.15,-1752.28,-2260.69,-2.9052,-2.5803,0
00:00:00,-245.45,-1772.02,-2191.58,-2.3975,-2.4383,0
00:00:00,-257.97,-1702.92,-2196.52,-2.8206,-2.0683,0
00:00:00,-274.52,-1707.86,-2166.90,-2.6231,-1.9435,0
00:00:00,-295.12,-1673.30,-2033.63,-2.0590,-1.8916,0
00:00:00,-305.39,-1683.18,-2023.76,-1.9462,-1.5158,0
00:00:00,-324.96,-1693.05,-2018.82,-1.8616,-1.3011,0
00:00:00,-343.42,-1683.18,-1939.85,-1.4667,-0.9765,0
00:00:00,-360.93,-1717.73,-1934.91,-1.2411,-0.6059,0
00:00:00,-369.37,-1767.09,-1949.72,-1.0436,-0.8258,0
00:00:00,-385.71,-1801.64,-1929.98,-0.7333,-0.5998,0
00:00:00,-401.38,-1831.26,-1984.27,-0.8744,-0.2301,0
00:00:00,-416.46,-1831.26,-1939.85,-0.6205,-0.4772,0
00:00:00,-431.02,-1890.49,-1895.42,-0.0282,-0.3364,0
00:00:00,-445.10,-1910.23,-1944.78,-0.1974,-0.0473,0
00:00:00,-451.97,-1939.85,-1920.10,0.1128,-0.0243,0
00:00:00,-441.14,-2053.38,-1989.21,0.3667,0.2395,0
00:00:00,-426.94,-2137.29,-2078.06,0.3385,0.2961,0
00:00:00,-404.69,-2112.61,-2013.89,0.5641,0.3725,0
00:00:00,-389.15,-2137.29,-2013.89,0.7051,0.4287,0
00:00:00,-372.96,-2152.10,-1994.14,0.9026,0.6157,0
00:00:00,-356.05,-2147.16,-1979.34,0.9590,0.6330,0
00:00:00,-338.28,-2181.71,-1954.66,1.2975,0.9962,0
00:00:00,-319.53,-2196.52,-1939.85,1.4667,1.1664,0
00:00:00,-299.61,-2201.46,-1934.91,1.5231,1.2632,0
00:00:00,-278.26,-2206.39,-1846.06,2.0590,1.5505,0
00:00:00,-256.34,-2211.33,-1801.64,2.3411,1.8881,0
00:00:00,-238.76,-2176.78,-1767.09,2.3411,1.9285,0
00:00:00,-227.84,-2157.03,-1712.79,2.5385,1.9635,0
00:00:00,-223.23,-2082.99,-1643.69,2.5103,2.0759,0
00:00:00,-224.10,-2038.57,-1540.03,2.8488,1.9659,0
00:00:00,-233.98,-1969.46,-1540.03,2.4539,1.8595,0
00:00:00,-249.19,-1929.98,-1470.93,2.6231,1.8357,0
00:00:00,-257.64,-1865.81,-1461.06,2.3129,1.8011,0
00:00:00,-279.55,-1865.81,-1446.25,2.3975,1.7416,0
00:00:00,-300.80,-1791.77,-1495.61,1.6923,1.5775,0
00:00:00,-310.89,-1831.26,-1505.48,1.8616,1.1547,0
00:00:00,-330.13,-1772.02,-1559.78,1.2128,1.1905,0
00:00:00,-339.34,-1791.77,-1574.58,1.2411,0.9924,0
00:00:00,-357.05,-1806.58,-1619.01,1.0718,0.8572,0
00:00:00,-373.93,-1737.47,-1584.46,0.8744,0.6774,0
00:00:00,-382.08,-1772.02,-1658.50,0.6487,0.5842,0
00:00:00,-397.90,-1757.22,-1702.92,0.3103,0.5491,0
00:00:00,-413.11,-1742.41,-1702.92,0.2256,0.3618,0
00:00:00,-427.78,-1781.90,-1747.34,0.1974,0.1781,0
00:00:00,-434.92,-1841.13,-1855.94,-0.0846,0.0546,0
00:00:00,-448.88,-1880.62,-1870.74,0.0564,0.1257,0
00:00:00,-462.42,-1870.74,-1846.06,0.1410,0.0060,0
00:00:00,-465.76,-1900.36,-1925.04,-0.1410,0.0786,0
00:00:00,-452.33,-2008.95,-2102.74,-0.5359,0.0467,0
00:00:00,-438.48,-2102.74,-2142.22,-0.2256,-0.1729,0
00:00:00,-424.18,-2013.89,-2092.86,-0.4513,-0.3326,0
00:00:00,-409.38,-2013.89,-2087.93,-0.4231,-0.5186,0
00:00:00,-394.03,-2023.76,-2112.61,-0.5077,-0.4305,0
00:00:00,-378.05,-2092.86,-2206.39,-0.6487,-0.5961,0
00:00:00,-361.37,-2058.31,-2196.52,-0.7898,-0.7740,0
00:00:00,-334.80,-2028.70,-2206.39,-1.0154,-0.8437,0
00:00:00,-315.84,-1994.14,-2226.14,-1.3257,-0.9081,0
00:00:00,-295.67,-1954.66,-2226.14,-1.5513,-1.3531,0
00:00:00,-274.02,-1925.04,-2240.94,-1.8052,-1.2844,0
00:00:00,-250.50,-1910.23,-2295.24,-2.2000,-1.8476,0
00:00:00,-229.04,-1796.70,-2280.43,-2.7642,-1.7029,0
00:00:00,-213.15,-1747.34,-2211.33,-2.6513,-1.8247,0
00:00:00,-208.79,-1633.82,-2137.29,-2.8770,-1.7080,0
00:00:00,-214.57,-1584.46,-2073.12,-2.7924,-1.7830,0
00:00:00,-220.30,-1564.71,-2033.63,-2.6795,-1.8672,0
00:00:00,-224.65,-1515.35,-1954.66,-2.5103,-1.6595,0
00:00:00,-240.55,-1470.93,-1929.98,-2.6231,-1.7544,0
00:00:00,-260.63,-1490.67,-1885.55,-2.2565,-1.8029,0
00:00:00,-272.21,-1416.63,-1806.58,-2.2283,-1.6760,0
00:00:00,-293.99,-1446.25,-1762.15,-1.8052,-1.4109,0
00:00:00,-304.30,-1475.86,-1752.28,-1.5795,-1.2029,0
00:00:00,-323.93,-1510.42,-1767.09,-1.4667,-1.0494,0
00:00:00,-333.32,-1535.10,-1747.34,-1.2128,-0.8013,0
00:00:00,-351.33,-1574.58,-1722.66,-0.8462,-0.6756,0
00:00:00,-368.47,-1579.52,-1717.73,-0.7898,-0.5895,0
00:00:00,-376.74,-1619.01,-1688.11,-0.3949,-0.3169,0
00:00:00,-392.77,-1643.69,-1712.79,-0.3949,-0.3307,0
00:00:00,-408.17,-1653.56,-1707.86,-0.3103,-0.1776,0
00:00:00,-415.66,-1712.79,-1707.86,0.0282,-0.1386,0
00:00:00,-430.24,-1732.54,-1762.15,-0.1692,0.0492,0
00:00:00,-425.30,-1811.51,-1791.77,0.1128,0.0626,0
00:00:00,-410.54,-1915.17,-1885.55,0.1692,0.1562,0
00:00:00,-395.23,-1979.34,-1885.55,0.5359,0.2556,0
00:00:00,-387.35,-1959.59,-1855.94,0.5923,0.3538,0
00:00:00,-371.08,-1920.10,-1816.45,0.5923,0.4246,0
00:00:00,-354.08,-1974.40,-1826.32,0.8462,0.5369,0
00:00:00,-336.21,-2028.70,-1846.06,1.0436,0.7792,0
00:00:00,-317.33,-2018.82,-1836.19,1.0436,0.9277,0
00:00:00,-297.26,-2028.70,-1762.15,1.5231,1.0477,0
00:00:00,-275.74,-2038.57,-1737.47,1.7205,1.3299,0
00:00:00,-252.38,-2073.12,-1683.18,2.2283,1.6887,0
00:00:00,-226.64,-2073.12,-1648.62,2.4257,1.8619,0
00:00:00,-214.57,-2053.38,-1643.69,2.3411,1.4259,0
00:00:00,-198.33,-1959.59,-1599.26,2.0590,1.4725,0
00:00:00,-227.30,-1885.55,-1530.16,2.0308,1.5491,0
00:00:00,-235.98,-1801.64,-1421.57,2.1718,1.8496,0
00:00:00,-247.24,-1791.77,-1391.95,2.2847,1.7074,0
00:00:00,-264.74,-1801.64,-1406.76,2.2565,1.6952,0
00:00:00,-272.09,-1786.83,-1421.57,2.0872,1.5262,0
00:00:00,-293.53,-1722.66,-1426.50,1.6923,1.4303,0
00:00:00,-303.85,-1722.66,-1396.89,1.8616,1.2252,0
00:00:00,-323.51,-1697.98,-1456.12,1.3821,1.1774,0
00:00:00,-332.91,-1717.73,-1480.80,1.3539,0.9122,0
00:00:00,-350.94,-1688.11,-1500.54,1.0718,0.9239,0
00:00:00,-359.62,-1673.30,-1515.35,0.9026,0.7853,0
00:00:00,-376.38,-1722.66,-1564.71,0.9026,0.6908,0
00:00:00,-368.35,-1727.60,-1609.14,0.6769,0.5834,0
00:00:00,-359.88,-1786.83,-1658.50,0.7333,0.3912,0
00:00:00,-342.31,-1767.09,-1717.73,0.2821,0.3399,0
00:00:00,-323.80,-1786.83,-1727.60,0.3385,0.2378,0
00:00:00,-314.13,-1811.51,-1752.28,0.3385,0.1103,0
00:00:00,-293.84,-1781.90,-1757.22,0.1410,0.1252,0
00:00:00,-272.04,-1786.83,-1772.02,0.0846,0.1529,0
00:00:00,-248.34,-1776.96,-1786.83,-0.0564,-0.0175,0
00:00:00,-222.12,-1747.34,-1772.02,-0.1410,-0.2593,0
00:00:00,-207.77,-1772.02,-1826.32,-0.3103,-0.2344,0
00:00:00,-175.60,-1693.05,-1826.32,-0.7616,-0.5018,0
00:00:00,-136.01,-1865.81,-1999.08,-0.7616,-1.0625,0
00:00:00,-78.52,-1949.72,-2137.29,-1.0718,-0.7486,0
00:00:00,0.00,-1727.60,-2176.78,-2.5667,-2.3217,0
00:00:00,0.00,-1105.66,-1722.66,-3.5257,-2.1370,0
00:00:00,0.00,-814.44,-1387.02,-3.2719,-2.2833,0
00:00:00,0.00,-834.18,-1234.00,-2.2847,-1.5634,0
00:00:00,0.00,-695.98,-957.58,-1.4949,-0.7872,0
00:00:00,0.00,-720.66,-834.18,-0.6487,-0.5226,0
00:00:00,0.00,-695.98,-750.27,-0.3103,-0.1461,0
00:00:00,0.00,-612.06,-671.30,-0.3385,-0.0637,0
00:00:00,0.00,-523.22,-562.70,-0.2256,-0.0080,0
00:00:00,0.00,-439.30,-468.92,-0.1692,-0.0060,0
00:00:00,0.00,-419.56,-439.30,-0.1128,-0.0845,0
00:00:00,0.00,-355.39,-345.52,0.0564,0.0732,0
00:00:00,0.00,-261.61,-261.61,0.0000,0.0270,0
00:00:00,0.00,-192.50,-212.25,-0.1128,-0.0174,0
00:00:00,0.00,-212.25,-207.31,0.0282,0.0170,0
00:00:00,0.00,-207.31,-212.25,-0.0282,-0.0651,0
00:00:00,0.00,-177.70,-182.63,-0.0282,-0.0467,0
00:00:00,0.00,-118.46,-143.14,-0.1410,-0.0852,0
00:00:00,0.00,-93.78,-98.72,-0.0282,-0.0293,0
00:00:00,0.00,-78.98,-74.04,0.0282,0.0574,0
00:00:00,0.00,-64.17,-54.30,0.0564,0.0745,0
00:00:00,0.00,-49.36,-44.42,0.0282,0.0524,0
00:00:00,0.00,-29.62,-24.68,0.0282,0.0472,0
00:00:00,0.00,-4.94,0.00,0.0282,0.0214,0
00:00:00,0.00,4.94,4.94,0.0000,0.0064,0
00:00:00,0.00,24.68,29.62,0.0282,0.0215,0
00:00:00,0.00,44.42,44.42,0.0000,0.0187,0
00:00:00,0.00,59.23,54.30,-0.0282,0.0280,0
00:00:00,0.00,74.04,69.10,-0.0282,0.0196,0
00:00:00,0.00,69.10,64.17,-0.0282,-0.0461,0
00:00:00,0.00,74.04,69.10,-0.0282,-0.0111,0
00:00:00,0.00,88.85,83.91,-0.0282,-0.0428,0
00:00:00,0.00,103.66,98.72,-0.0282,-0.0931,0
00:00:00,0.00,128.34,108.59,-0.1128,-0.0267,0
00:00:00,0.00,108.59,113.53,0.0282,0.0341,0
00:00:00,0.00,103.66,113.53,0.0564,0.0459,0
00:00:00,0.00,103.66,103.66,0.0000,0.0086,0
00:00:00,0.00,108.59,103.66,-0.0282,-0.0114,0
00:00:00,0.00,103.66,113.53,0.0564,0.0468,0
00:00:00,0.00,108.59,123.40,0.0846,0.0989,0
00:00:00,0.00,113.53,118.46,0.0282,-0.0065,0
00:00:00,0.00,118.46,113.53,-0.0282,-0.0356,0
00:00:00,0.00,118.46,128.34,0.0564,0.0392,0
00:00:00,0.00,128.34,128.34,0.0000,-0.0151,0
00:00:00,0.00,123.40,123.40,0.0000,-0.0016,0
00:00:00,0.00,123.40,123.40,0.0000,-0.0268,0
00:00:00,0.00,118.46,128.34,0.0564,0.0789,0
00:00:00,0.00,113.53,128.34,0.0846,0.0641,0
00:00:00,0.00,128.34,118.46,-0.0564,-0.0883,0
00:00:00,0.00,128.34,118.46,-0.0564,-0.0506,0
00:00:00,0.00,118.46,113.53,-0.0282,-0.0555,0
